-994
-989
-986
-984
-976
-971
-971
-970
-967
-964
-960
-953
-952
-949
-937
-935
-934
-933
-932
-931
-921
-915
-911
-909
-906
-905
-904
-900
-892
-891
-885
-885
-882
-876
-875
-875
-875
-873
-869
-868
-867
-865
-862
-861
-852
-851
-850
-848
-848
-842
-842
-839
-839
-837
-836
-832
-831
-831
-829
-827
-824
-816
-815
-813
-813
-811
-799
-797
-795
-793
-792
-790
-790
-788
-785
-785
-775
-774
-767
-762
-762
-762
-760
-748
-748
-747
-739
-738
-736
-736
-736
-735
-734
-723
-722
-721
-718
-718
-717
-716
-710
-708
-702
-701
-698
-697
-695
-691
-681
-673
-670
-669
-665
-658
-648
-647
-637
-635
-623
-622
-619
-619
-617
-616
-614
-614
-613
-611
-608
-607
-606
-606
-603
-600
-598
-596
-594
-589
-584
-581
-580
-579
-576
-570
-568
-567
-561
-558
-554
-548
-547
-545
-543
-543
-541
-536
-534
-523
-521
-519
-515
-512
-510
-504
-503
-494
-487
-487
-485
-482
-478
-475
-474
-473
-469
-468
-468
-464
-463
-463
-456
-454
-452
-450
-449
-447
-444
-442
-440
-439
-437
-437
-437
-433
-433
-431
-429
-428
-423
-415
-400
-400
-400
-389
-385
-380
-370
-366
-347
-346
-345
-345
-340
-338
-337
-333
-332
-331
-329
-324
-321
-306
-305
-304
-302
-301
-298
-295
-292
-291
-289
-284
-284
-283
-282
-273
-273
-272
-268
-268
-266
-265
-264
-264
-264
-262
-256
-255
-253
-249
-248
-247
-243
-240
-225
-225
-205
-203
-200
-193
-187
-185
-181
-175
-173
-172
-171
-166
-165
-157
-156
-156
-152
-147
-141
-139
-138
-135
-133
-131
-130
-127
-117
-110
-107
-102
-102
-93
-92
-89
-87
-83
-81
-81
-80
-76
-75
-69
-68
-68
-67
-63
-62
-61
-60
-47
-44
-41
-40
-36
-33
-29
-22
-21
-21
-19
-19
-11
-11
-8
-7
1
5
6
6
7
11
15
15
18
28
33
33
38
41
41
44
48
54
54
55
58
60
70
74
75
76
79
84
92
104
107
107
110
110
126
132
132
133
136
138
139
140
145
145
156
157
158
161
163
165
166
172
179
180
182
193
196
200
200
201
204
205
205
209
209
209
211
211
211
212
212
217
219
221
222
228
228
228
241
245
257
262
269
270
272
274
276
280
280
283
291
295
299
300
304
305
306
312
319
323
326
327
338
344
346
348
348
351
352
353
355
356
360
366
368
368
371
372
374
375
377
380
383
385
385
389
399
400
407
408
410
411
417
425
426
426
426
426
427
428
428
431
432
437
438
440
440
447
449
452
455
458
460
460
460
476
481
482
484
485
485
487
489
496
497
504
505
508
508
509
510
511
516
517
531
534
536
543
549
553
553
553
556
562
569
570
574
584
587
593
593
598
603
606
606
616
619
622
624
626
626
633
641
643
647
648
649
651
651
654
658
658
664
665
668
672
673
678
678
681
685
685
688
695
700
701
703
703
709
712
712
712
713
714
720
723
726
729
737
739
742
747
748
748
749
749
753
754
754
754
754
757
758
759
759
760
760
763
763
773
781
782
787
788
789
790
792
798
798
805
808
809
809
810
810
810
810
812
813
815
815
818
821
825
825
827
846
849
852
858
863
865
868
874
875
875
876
876
878
881
881
884
886
888
892
892
894
894
895
896
897
899
901
903
905
906
907
911
913
915
918
927
928
928
934
935
940
945
945
946
946
954
958
959
962
968
979
980
980
980
981
982
984
985
992
1001
1005
1005
1009
1011
1014
1020
1022
1023
1025
1028
1029
1035
1036
1039
1043
1043
1046
1047
1050
1056
1058
1062
1064
1068
1076
1079
1080
1083
1084
1086
1087
1089
1089
1095
1096
1097
1101
1104
1104
1106
1109
1111
1114
1116
1116
1124
1124
1124
1128
1132
1136
1137
1140
1142
1144
1147
1156
1158
1159
1166
1175
1178
1179
1181
1188
1190
1197
1200
1201
1202
1202
1206
1212
1214
1216
1222
1224
1225
1227
1228
1232
1232
1234
1234
1237
1239
1240
1245
1246
1258
1258
1259
1259
1260
1262
1263
1268
1272
1277
1278
1289
1297
1299
1302
1310
1311
1312
1314
1315
1329
1332
1332
1334
1343
1346
1348
1355
1355
1358
1365
1366
1369
1379
1379
1383
1386
1390
1394
1397
1400
1407
1408
1410
1417
1425
1427
1428
1429
1432
1435
1437
1439
1445
1451
1451
1452
1456
1458
1465
1466
1473
1474
1475
1482
1488
1488
1490
1491
1495
1496
1496
1497
1498
1499
1499
1501
1501
1504
1508
1510
1513
1515
1517
1517
1521
1526
1533
1534
1535
1535
1536
1538
1542
1548
1554
1555
1558
1577
1581
1585
1588
1588
1590
1597
1600
1602
1602
1607
1608
1617
1623
1626
1630
1634
1634
1644
1645
1649
1649
1649
1652
1656
1656
1665
1671
1678
1679
1685
1685
1692
1695
1696
1704
1707
1709
1709
1711
1717
1718
1719
1720
1726
1727
1731
1732
1737
1739
1739
1742
1745
1747
1748
1751
1753
1759
1763
1763
1774
1774
1776
1776
1777
1779
1785
1786
1789
1792
1794
1796
1796
1802
1802
1804
1805
1809
1811
1812
1814
1817
1817
1826
1830
1831
1836
1839
1842
1842
1846
1847
1849
1855
1858
1861
1861
1867
1867
1872
1873
1876
1879
1879
1881
1886
1887
1888
1888
1890
1891
1892
1893
1895
1898
1898
1906
1909
1916
1920
1921
1923
1923
1923
1932
1933
1934
1936
1938
1949
1958
1959
1972
1975
1977
1978
1979
1980
1980
1981
1981
1983
1984
1991
1993
2000
